   100.76980591
   103.45719147
   104.74643707
   106.05642700
   106.68420410
   107.26856995
   107.37490845
   109.07328033
   113.15377045
   116.65070343
   121.89591217
   127.49066162
   131.90328979
   132.82342529
   136.53385925
   138.41418457
   143.64114380
   145.86500549
   147.77316284
   149.39765930
   150.45228577
   151.94163513
   152.69287109
   152.97000122
   165.39187622
   167.88644409
   168.67726135
   170.11904907
   175.33557129
   175.64103699
   176.21980286
   188.47070312
   189.76562500
   193.04364014
   193.46928406
   198.25502014
