 1.13153770E+02    1.45865021E+02    1.21895905E+02    1.67886444E+02    1.93469284E+02    1.51941635E+02   

 1.03457191E+02    1.52970001E+02    1.00769806E+02    1.06684204E+02    1.68677261E+02    1.93043640E+02   

 1.52692871E+02    1.65391876E+02    1.70119049E+02    1.76219788E+02    1.04746437E+02    1.32823425E+02   

 1.75641037E+02    1.36533859E+02    1.98255005E+02    1.75335571E+02    1.07268570E+02    1.88470703E+02   

 1.43641144E+02    1.47773163E+02    1.27490662E+02    1.16650696E+02    1.89765625E+02    1.06056427E+02   

 1.50452271E+02    1.31903290E+02    1.49397659E+02    1.09073280E+02    1.07374908E+02    1.38414185E+02   

